
#mytestgroup = {
#	1 2 3
#}

#austrian_provinces = {
#    73 76 128 129 132 133 134 1768 1770 1863 1873 3048 3050 3051 4708 4751 4752 4758 4759 4761 4762 
#	7093 7601 7667 7668 7669 7670 7672 7673 7674 7675 7676 7693 7760 7761 7762 7764 8217 8541 8542 
#	8543
#}

great_game_provinces = {
    435 446 447 448 449 450 451 452 578 1968 2224 2225 2226 2227 2228 2229 2230 4324 4343 4344
}

belgian_provinces = {
    90 91 92 93 1744 1865 1866 7695 8014 8015 8018 8019 8020 8022 8024 8025 8497 8499 8502 8503 8506 8507 8508 8509 8510 8511 8515
}

#What Western Europe should see
eastern_europe_superregion_1 = {
    1077 1755 1963 1964 4129 5676 1962 305 #perm_area
    1082 2422 3280 4264 1083 #kazan_area
    303 2418 2419 #saratov_area
    2421 4265 4266 #kama_area
    475 1965 1966 2420 2444 #bashkiria_area
    473 1081 4267 #samara_area
    302 304 2415 5672 2423 #tambov_area
    1079 1972 3281 #vyatka_area
    #3285 2425 1072 5674 5675 5677 5678 #pechora_area
    #1080 1078 1780 2427 2441 #ural_area
}

european_lakes_1 = {
    1250 1251 1253 1260 1261 1262 1325 1883 1884 1885 1886 1887 
    1889 1890 1977 2953 3702 3303 4139 5469 5471 5478 5487 5496 
    5497 5498 5500 5501 5502 5503 5504 5505 6385 6386 6388 6389 
    6390 6391 6392 6678 8307 8308 8309 8310 8320 8321 8322 8323 
    8325 8341
}

european_mountains_1 = {
    3052 4146 4153 4154 4155 4156 4157 4159 4160 4161 4162 4168 
    4763 5118 5121 5545 6942 6943 6944 6945 6946 6947 6948 6949 
    6950 8665 8666 8736 
}

icelandic_mountains = {
    5126
}

carpathian_mountains = {
	4155 8666
}

macaronesia_sea_provinces = {
    1290 1291 1292 1471 1472 1563 1566 1567 3021 7306 7307
}

arctic_sea_provinces = {
	1474 1475 1477
}

anatolian_lakes = {
	1891 1892 6365 6366 6367 6368 6369 6370 6372 6373 6374 
	6375 6376 6377 6378 6379 6380 6381 
}

caucasian_lakes = {
    1894
}

levantine_lakes = {
    1976 6364 7296 7353
}

murman_sea_provinces = {
    1263 1264 1652 5484 8371 8372 8387 8388 8389 8390 8391
}

red_sea_provinces = {
    385 #mecca_area
	2324 #red_sea_coast_area 
	2327 4268 4269 6605 6606 #tabuk_area
	2329 2331 5233 #tihama_al_yemen_area
	3719 #vostani_area
	1328 1329 #red_sea_area
}

coastal_north_africa_provinces = {
    347 353 356 357 1110 2326 2458 2462 2463 2954 5212 5213 
	5229 5274 5312 5320 5324 5325 5326 5327 6964 
}

anatolian_provinces = {
    331 2303 2305 3739 3740 3966 4310 5151 
}

anatolian_mountains = {
    3700 3701 3702 3977 3987 4178 5121 6371 7902 8400 8415
}

nile_provinces = {
    1234 2322 3043 3722 5278 6502
}

african_mountains = {
    3724 4167 4169 4569
}

mesopotamian_provinces = {
	3742 5293 5296 #al_jazira_area
	2306 8414 #erzurum_area
	406 2310 3963 5548 6631 6632 6633 6637 7455 #iraq_arabi_area
	2307 3254 3737 4302 4296 5331 5332 8413 #north_kurdistan_area
	411 2309 3738 6638 6639 6640 6641 6670 8412 #mosul_area
	407 2314 3988 6138 #rakka_area
	415 4293 4294 6627 6642 6644 6645 #shahrizor_area
	418 3754 3755 5295 4295 4292 2308 5330 #mardin_area
	2311 2312 6614 6622 6623 6624 #lower_mesopotamia_area
	409 410 6625 6626 6634 6635 6636 #baghdad_area
	4291 6621 6629 #kut_area
	6628 6630 #badra_area
    4179 #hakkari mountains
}

trans_jordan_provinces = {
    380 381 4270 7452
}

tartarian_provinces = {
    470 2366 
}

tabriz_provinces = {
    416 1893 2206 2207 3729 3733 3734 3735 4304 6648
}

#What Eastern Europe can see
coast_of_morocco_sea_provinces = {
    1472
}

lower_nile_river_provinces = {
    6592 6593 6596 6679 7392 7393 8338 8339 
}

mid_atlantic_ridge_sea_provinces = {
    1290 1291 1292 3021 7306 7307
}

norwegian_sea_provinces = {
    1265 1299 1473 1929 5479 5481 8383 8384 8385 8386
}

rockall_sea_provinces = {
    1283 1286 1287
}

syrian_provinces = {
    382 407 1849 2308 3754 3755 3757 3988 6138 7453 7454
}

coastal_north_african_eastern_provinces = {
    353 356 357 1110 2326 2458 2462 2463 2954 5212 5213 5229 
    5274 5312 5320 5324 5325 5326 5327 
}

#What Muslims can see
upper_nile_river_area_2 = {
	6578 6594 6595 6597 6599 7388 8340
}

egyptian_lakes = {
	6577 6677 6970 
}

european_lakes_for_islam = {
    1250 1251 1260 1261 1325 1889 1890 1977 2953 3303 3702 5471
	5487 5496 5497 5498 6385 6386 6388 6389 6390 6391 6392 6678 
	8307 8308 8309 8310 8321 8325 8341
}

persian_lakes = {
	1893
}

tartarian_lakes = {
	1327 1653 1906 4138 6352
}

east_african_lakes = {
	1899 6687 6688 6690 6692 6693 
}

baltic_sea_provinces = {
	1254 1255 1256 1257 1258 1259 1261 1262 1267 1926 1927 1928 1977 
	3122 4235 5494 7310 7311 8331 8333 8334 8335 8336 8368 8369 8370 
}

lusitanian_sea_provinces = {
	1290 1291 1292 3021 3776 7306 7307
}

west_coast_of_india_provinces = {
	503 504 517 529 530 531 534 535 537 572 2029 2030 2051 2052 
	2054 2089 2100 2101 4408 4410 4413 4427 4429 4430 4454 4455 
	4457 4512 8419 8423
}

norwegian_fjords = {
	8381 8382
}

tartarian_provinces_1 = {
    477 478 2355 2360 4685 
}

mesopotamian_wastelands = {
	3730 3732 3741
}

cyrenaican_provinces = { #3
	356 357 2326 5274 
}

upper_nubian_provinces = {
	1220 1222 2798 2799 4322 5285 6513 6514 6973
}

lower_nubian_provinces = {
	1234 2322 3043 3715 3716 3717 3718 3722 3723 5278 6502 6672
}

bactrian_mountains = {
	2200 3616 3645
}

persian_mountains = {
	3589 3664 3666 3670 3674 3680 3691 4170 4172 4177 4179 6144
}

tartarian_mountains = {
	3661
}

european_mountains_for_islam = {
    3052 4154 4155 4156 4157 4159 4160 4161 4162 4168 4763 5118 
	5121 5545 6942 6943 6944 6945 6946 6947 6948 6949 6950 8665 
	8666 8736 
}

bactrian_wastelands = {
	3604 3606 8405
}

tartarian_wastelands = {
	3658
}

southern_scandinavian_provinces = {
	1 7 16 17 24 27 28 30 32 1251 1930 1985 3122 3123 3128 4143 4144 
	4163 4164 5705 7780 7784 7791 7807 
}

siwa_oasis_provinces = {
	3929 3930 3931 3932 5273 6643
}

east_african_coast_provinces = {
	4020 #Comoros
	7300 #Limpopo River
	1193 1194 4021 4022 4024 4031 4032 #Madagascar
	1248 #Maldives
	1447 1448 1449 1450 1453 1456 1457 1616 1617 1619 #Indian Ocean
	1100 #Seychelles
}

east_african_provinces_2 = {
	1206 1213 2024 2762 2770 2773 2783 2786 2788 2791 5287
}

zambezi_provinces = {
	1184 1187 1191 2950 2951 2952 4038 5369 6544
}

muslim_south_asian_discoveries = {
	1248 1348 1349 1361 1363 1368 1398 1450 1453 1613 1614 1617 1619 6082 6083 #Sea Provinces
	536 574 595 596 597 598 617 618 620 622 636 637 640 644 651 652 
	655 659 2099 2391 2392 2394 2673 2674 2675 2677 2678 2686 2703 
	2704 2705 2713 4024 4354 4412 4407 4409 4802 4804 4805 4809 4810 4815 
	4816 5449 7174 7175 7176 7177 7179 7180 8416 8417 8559 8560 8561 
	8578 8601 8649 8667 8668 8669 8671 8672 8680 8692 8700 8701 8704 
	8720 8721
}

muslim_south_asian_discoveries_TIM = {
	1248 1348 1349 1361 1363 1368 1398 1450 1453 1617 1619 6082 6083 #Sea Provinces
	536 574 595 596 597 598 617 618 620 622 636 637 640 644 651 652 
	655 659 2099 2391 2392 2394 2673 2674 2675 2677 2678 2686 2703 
	2704 2705 2713 4024 4354 4412 4407 4409 4802 4804 4805 4809 4810 4815 
	4816 5449 7174 7175 7176 7177 7179 7180 8416 8417 8559 8560 8561 
	8578 8601 8649 8667 8668 8669 8671 8672 8680 8692 8700 8701 8704 
	8720 8721
}

adamawa_plateau_area_provinces = {
	2285
}

adrar_area_provinces = {
	6961
}

azbin_area_provinces = {
	1156 2272 2273 2274 2276 3933 3948
}

benin_coast_provinces = {
	1147 1152 2289 2290 2294
}

gold_coast_provinces = { 
	1140
}

guinea_provinces = {
	1114 7368 7369 7370 7371 7372 7373 7374
}

kanem_area_provinces = {
	1158 2288 3940 6531 6571
}

lower_volta_area_provinces = { #5
	2254 2255 2256 2267 5546
}

northwestern_sahara_provinces = {
	5223
}

senegalese_provinces = {
	1113 1115 1116 2237 2238 2239 3047 7357 7358 7359 7361 7362 7363 7364 7365 7366
}

west_african_provinces = {
	2251 5339
}

western_sahara_area_provinces = {
	6964 6965
}

#What Sub Saharans can see
sub_saharan_lakes = {
	1648 5429
}

west_african_coast_and_rivers_provinces = {
	1465 1468 1469 5547 7302 7303 7304 7385 7386 
}

#What East Africans can see
zambezi_provinces_2 = {
	1184 1187 1191 2950 2951 4038 6544
}

ajuuraan_area_provinces = {
	2780 2785
}

arabian_coast_area_provinces = {
	394 395 396 397 398 401 403 406 408 409 410 2311 2312 2314 2333 
	2341 2342 4283 4286 4287 4288 5249 5250 5251 5333 5548 6615 6616 
	6617 6618 6619 6620 6621 6624 6625 6626 6628 6631 6632 6633 6634 
	7461 
}

bugandan_region_provinces = {
	4061 4062 4063 4064 4065 4066 4067 4070 4074 5144 5214 5215 5216 
}

hadramut_area_provinces = {
	388 389 402 1099 2343 5241
}

iranian_coast_area_provinces = {
	412 430 431 575 2219 2231 2233 2999 3591 3600 4327 4332 5255 6134 
	6147 8409
}

limpopo_area_provinces = {
	1182 2952 5382
}

west_indian_ocean_provinces = {
	4020 #Comoros
	1447 1448 1449 1456 1457 1458 #Indian Ocean
	7300 #Limpopo River
	1193 1194 4021 4022 4031 4032 #Madagascar
	789 1181 5370 5373 #Natal
}

yemen_area_provinces = {
	390 2344 2345 3713 4281
}

east_african_lakes_2 = {
	1649 1650 1651 4133 4134 4135 6411 6413 6414 6415 6416 6417 6418 6419 6420 6421 6422 6423 
}

#What Ottomans can see
east_african_provinces = {
	1206 1213 2024 2762 2770 2773 2786 2788 2791 5287
}

north_african_provinces = {
	2458 5223 6964 6965
}

#What Persians can see
caspian_sea_area_2 = {
	1326 #Caspian Sea
	6357 6358 8365 8394 #Volga River
}

black_sea_area_2 = {
	1321 1322 1323 1324 #Black Sea
	8344 8359 #Danube River
	8362 8364 #Don River
	3016 8360 8393 #Dnieper River
}

eastern_mediterrenean_sea_provinces = {
	1298 1301 1302 1303 1304 1305 #Western Mediterranean
	1308 1309 1310 7308 8342 8343 8353 #Adriatic
	1311 1312 1313 1314 1315 1316 1317 1319 1320 1932 1307 3347 5493 6359 6360 7390 7391 7394 8358 #Eastern Mediterranean
}

ishim_area_2 = {
	1075 1076 2369 2441 4690 4692
}

bashkiria_area_province = {
	1965 1966 2420
}

black_sea_coastal_provinces = {
	1756 1764 3243 7139 7277 7278
}

italian_coastal_provinces = {
	124 125 126 2982 4736 4737 7001 7002 #sicily_area
	123 1934 2984 7003 7004 7008 #calabria_area
	122 1933 7005 7006 7007 2985 7011 #apulia_area
	121 2983 3039 7009 7017 #naples_area
	118 3295 4732 6976 #lazio_area
	3040 7041 7043 7044 7050 8454 #south_tuscany_area
	115 2980 3042 #tuscany_area
	101 2992 7053 7054 7055 7056 #liguria_area
	4733 7013 7014 #abruzzo_area
	119 7025 7037 #central_italy_area
	114 7031 7032 #emilia_romagna_area
	113 #emilia_area
	112 1774 6930 7076 7086 7087 4729 7081 #venetia_area
	111 130 1769 4738 7082 7090 7096 7316 #friuli_area
	1826 4752 7734 7735 #croatia_area
	136 137 4754 4753 7730 7731 7732 7733 8789 8788	 #east_adriatic_coast_area
	138 3182 7708 #montenegro_area
	3181 4174 4175 7143 #albania_area
	1247 5092 7038 7040 #corsica_sardinia_area
	127 2986 5091 7095 7099 #sardinia_area
}

north_african_coastal_provinces = {
    338 339 340 341 353 1882 2453 2455 2461 2473 2954 5224 5225 5312 5317 5318 5321 5322
}

saratov_area_province = {
	2418
}

anatolian_lakes_2 = {
    1891 1892 6365 6366 6367 6368 6369 6370 6372 6373 6374 6375 6377 
	6378 6379 6380 6381
}

#What Central Africans can see
congo_angolan_coastal_provinces = {
	1462 1463 1464 
}

angolan_lakes = {
	1650 4132 4133 6396 6397 6398 6399 6400 6402
}

angolan_mountains = {
	1171
}

angolan_region_provinces = {
	6569 6527 6528 4084 #bailundo_area
	6668 #bengo_area
	1168 6522 #benguela_area
	4094 4095 4107 6665 #chokwe_area
	6654 #hwila_area
	4083 4091 4093 6666 #kasai_area
	798 1170 2949 4080 6518 6520 #kongo_area
	6558 #malwena_area_provinces
	2948 4082 6557 #matamba_area
	6554 #mbunda_area_provinces
	5426 6652 #namibe_area
	6570 1172 6567 #wambu_area
}

gabon_region_provinces = {
	1166 1169 4078 7480 7483 7484 7485 7487 7495
}

kongo_region_provinces = {
	4079 #coastal_kongo
	4098 4100 4101 4103 #katanga_area
	4081 4085 4086 4087 #lower_kasai
	4068 #lower_kongo_area
	4097 4099 4105 #luba_area
	4088 4089 4090 4092 4096 #sankuru_area
}

#What Indians can see
eastern_indian_ocean_region_provinces = {
	1350 1351 1352 1353 1354 1356 
}

borneo_region_provinces = {
	636 2704 2705 4804 4805 4806 8546 8560 8562 8701 #brunei_area
	639 2707 2708 4800 4801 8563 8564 8565 8702 #kalimantan_area
	637 2703 8561 8700 #sabah_area
	638 2709 2710 2711 2712 4799 8626 8627 #kutai_area
	640 2706 4802 4803 8557 8558 8686 8697 8699 #kapuas_area
}

moluccas_region_provinces = {
	648 649 650 8633 8634 8635 8544 #spice_islands_area
	645 647 8723 #molluca_area
}

nusa_tenggara_region_provinces = {
	631 632 633 634 2693 5448 8630 8631 8722 #lesser_sunda_islands_area
	635 8725 #timor_area
}

philippines_region_provinces = { 
	657 658 2698 4348 7161 8267 8268 8271 8272 8273 8274 #luzon_area
	656 2697 2699 4349 4350 6983 7188 8277 8278 8279 8280 8281 8282 8283 8284 8286 8287 8288 8289 8290 8709 #southern_luzon_area
	652 653 2702 4354 7166 7167 7170 7172 7173 7174 7175 7176 7177 7178 7179 7180 8298 8299 8714 8715 #mindanao_area
	651 8720 8721 #sulu_archipelago_area
	654 2700 4351 4352 4353 7181 7182 7183 7184 7185 8291 8292 8293 8294 8296 8297 8712 8713 8716 #visayas_area
	655 4356 7189 #palawan_area
}

sumatran_region_provinces = {
	617 2673 2685 2674 4809 8607 8688 #north_sumatra_area
	620 2675 2676 4816 8602 8604 8691 #central_sumatra_area
	623 8694 8695 #south_sumatra_area
	618 4810 8601 8605 8606 8687 8689 #batak_area
	619 621 2680 2681 2682 2683 2684 4811 4817 4818 5450 5451 8632 8690 8696 #minangkabau_area
	622 2677 2678 8692 #palembang_area
}

celebes_region_provinces = {
	644 2713 2714 4845 5449 8704 #sulawesi_area
	641 2715 4795 4797 4798 8611 8612 8613 8614 8706 #south_sulawesi_area
	642 2716 4796 5438 5439 5440 8615 8705 #east_sulawesi_area
}

indian_mountains = {
	1950 8424
}

himalayan_mountains = {
	1787 1788
}

#What South Asians can see
indian_coastal_provinces = {
    4487 #mithila_area
	4472 4489 #bihar_area
    563 2044 4479 #gaur_area
	566 571 2040 2042 4440 #assam_area
    2045 2046 #north_bengal_area
    2096 #jharkhand_area
    568 #tripura_area
	564 2039 4474 4475 4478 #east_bengal_area
    561 2081 4476 4477 #west_bengal_area
    552 2038 2043 2049 4441 #orissa_area
	543 549 2084 2080 4425 8397 8398 8399 #andhra_area
    4418 4419 #north_carnatic_area
    539 540 4417 8420 8421 #south_carnatic_area
    2026 4415 4416 #tanjore_area
	536 2101 8419 #madura_area
	2100 4408 4409 8416 #lanka_area
	572 2099 4407 8417 8418 #south_lanka_area
	534 535 537 4410 4413 8422 8423 8427 #malabar_area
	531 2029 2030 2032 4427 #kanara_area
	529 530 2089 4429 #konkan_area
	517 2036 4430 #tapti_area
	516 2051 2054 4512 4457 #ahmedabad_area
	515 521 2052 4454 4455 #saurashtra_area
	503 2053 4456 4480 8410 #patan_area
	504 4503 4504 8411 #sindh_area
	575 2231 3600 8409 #baluchi_coast_area
}

arab_coastal_provinces = {
    2233 3591 #makran_area
	399 400 5334 #mascat_area
	2341 5333 #oman_area
}

persian_gulf_sea_provinces = {
	1333 1336 #persian_gulf_area
	1337 1338 1339 1340 #arabian_sea_area
}

south_asian_mountains = {
    2396 2400 4401 4843 4844 8570 8608 8609
}

sumatran_mountains = {
    4808
}

bornean_mountains = {
    2740 4807
}

#What China can see
chinese_lakes = {
	2000 4138 6310 6311 6312 6313 6314 6315 6316 6317 6318 6319 6320 6321 6322 6323 6324 6325 6326 6327 6335 6337 6347 6348 
}

sea_of_japan_sea_provinces = {
	1376 1377 1378 4226 #sea_of_japan_area
}

chinese_mountains = {
	4402 4403 4657
}

arabian_coast_area_provinces_2 = {
	394 395 396 397 398 401 406 408 409 410 2311 2312 2314 2333 
	2341 2342 4283 4286 4288 5249 5250 5251 5333 5548 6615 6616 
	6617 6618 6619 6620 6621 6624 6625 6626 6628 6631 6632 6633 6634 
	7461 
}

japanese_provinces = {
    1018 4183 6436 #sanindo_area
	1012 1818 4181 4182 6447 6450 6462 #kyushu_area
	4651 #northern_kyushu
	6465 #saigoku_area
}

red_sea_provinces_2 = {
    385 #mecca_area
	1229 1232 2324 #red_sea_coast_area 
	2327 4268 4269 6605 6606 #tabuk_area
	2329 2331 2346 4278 5233 #tihama_al_yemen_area
	1328 1329 #red_sea_area
	6526 6547 6549 6551 6552 6553 7450 #syrian_desert_area

}

silk_road_provinces = {
	2122 4206 4207 #turpan_kumul_area
	713 715 2120 4208 #zungaria_area
	712 2121 2192 #tarim_basin_area
	739 4209 4210 #kashgaria_area
	459 461 #jetysuu_area
	457 2356 #arys_area
	458 460 1967 #ferghana_area
	2363 #kyzylkum_area
	442 453 454 #transoxiana_area
	444 445 3650 #merv_area
	3654 4325 #herat_area
	2221 2236 3662 #mashhad_area
	417 426 2214 3686 3687 3688 3689 3692 4339 4341 #tabarestan_area
	424 6649 #ardabil_area
    416 2207 3729 3733 6648 #tabriz_area
	419 2205 3736 #armenia_area
	3250 3336 3309 2204 #samtskhe_area
	330 3248 3307 5206 #pontus_area
	2304 1846 #rum_area
	328 7135 #kastamonu_area
	151 #thrace_area
	2215 3679 6145 #azerbaijan_area
	414 #luristan_area
	2211 3682 #ardalan_area
	6627 6644 6645 #shahrizor_area
	6635 #baghdad_area
	407 6138 #rakka_area
	377 2313 3979 4298 #aleppo_area
	4300 #azerbaijan_area
	4293 4294 #shahrizor_area
	411 6640 #mosul_area
	5296 #al_jazira_area 
	418 2308 3754 4292 4295 #mardin_area
	118 #lazio_area
	112 #venetia_area
	358 #delta_area
}

somalian_coastal_provinces = {
	1206 1209 1212 2024 2783 2786 2788 2789 2790 2793 
}

south_east_asia_provinces = {
	579 2402 8585 8643 #arakan_area
	618 4810 8601 #batak_area
	636 2704 2705 4804 4805 8560 8701 #brunei_area
	2380 4825 4826 8583 8591 8681 #cambodia_area
	620 2675 4816 #central_sumatra_area
	600 2387 4830 4831 6680 6682 6936 6937 6938 6939 8556 #central_thai_area
	606 607 2374 4822 8652 8628 8653 #champa_area
	7395 #chao_praya_river_area
	597 4815 8649 #indonesian_islands_area
	640 2706 4802 8557 8686 #kapuas_area
	2394 8667 8671 8672 #kedah_area
	657 658 2698 7161 8267 8268 8273 #luzon_area
	595 596 2392 8668 8669 #malacca_area
	598 599 2393 #malaya_area
	605 2376 2377 6915 6916 6917 6918 6919 6922 8624 #mekong_area
	615 1844 2381 4837 8573 8598 8617 8645 8646 8648 #north_laos_area
	617 2673 2674 4809 #north_sumatra_area
	655 4356 7189 #palawan_area
	603 6684 8637 #prachin_area
	622 2677 2678 2679 8692 #palembang_area
	613 616 2372 4819 6913 8592 8593 8597 8658 8659 #red_river_delta_area
	659 2686 8559 8680 #riau_islands_area
	637 8561 8700 #sabah_area
	656 2697 4350 6983 8278 8279 8282 8283 8289 8709 #southern_luzon_area
	623 8695 #south_sumatra_area
	593 594 2390 2391 8577 8578 8673 #tenasserim_area
	591 2404 8636 #north_tenasserim_area
	2371 4820 8656 8657 #thai_cantons_area
	610 1016 1022 2373 4821 8594 #vietnam_area
	624 630 2688 4719 8719 #west_java_area
	629 2689 4791 4792 #central_java_area
	574 8581 #indian_ocean_islands_area
	586 590 1815 2403 4399 6940 8650 8651 #lower_burma_area
	7886 7887 #Sulu Sea
	6980 6981 6982
	8565 #kalimantan_area
	1396 #philipine_sea_area
}

east_african_coast_provinces_2 = {
	4020 #Comoros
	1194 4021 4022 4024 #Madagascar
	1248 #Maldives
	1447 1448 1449 1450 1453 1616 1617 1619 #Indian Ocean
	1100 #Seychelles
}

east_indian_coastal_provinces = {
	536 539 540 543 549 552 561 568 1947 2026 2038 2039 2043 2080 2099 4407 4409 4412 4415 4416 4417 4418 4419 4425 4441 4473 6080 7287 8397 8398 8399 8416 8417 8420 8421
	7292 #Indian Rivers
}

#What Koreans can see
japanese_provinces_2 = {
	1018 1830 4183 4185 6436 6441 #sanindo_area
	1023 1837 6456 6457 5697 #hokuriku_area
	1024 5693 5694 6455 6451 6452 #east_hokuriku_area
	1031 1847 4193 6427 6459 #hokkaido_area
	5689 1025 #central_thohoku_area
	4192 6428 6429 5686 #thohoku_area
    1012 1818 4181 4182 6447 6450 6462 #kyushu_area
	4651 #northern_kyushu
	6465 #saigoku_area
}

amur_river = {
    8379
}

sea_of_japan_sea_provinces_2 = {
    1376 1377 1378 1379 1386 1387 1388 1980 4226 #sea_of_japan_area
}

chinese_lakes_3 = {
    6317 6318 6319 6320 6321 6327 6335 6347 6348 
}

manchurian_lakes = {
    6328 6329 6330 6331 6332 6333
}

#What Japanese can see
chinese_coastal_provinces = {
	669 684 695 704 733 737 1012 1015 1822 1824 1829 1845 2113 2139 2148 2149 2155 4181 4182 4194 4196 4228 4230 5701 
	5702 5703 6447 6449 6450 6476 6477 6484 6485 6486 6488 06490 6491 6493 6494 6747 6748 6749 6750 6753 6754 6769 
	6772 6775 6776 6777 6778 6807 6808 6809 6813 6818 6819 6821 6823 6824 6825 6826 6827 6828 6831 6832 6833 6834 
	6835 6837 6840 6841 6889 6890 6894 6895 6896 6897 6984 #china	
	738 2154 6757 6758 6759 6760 6761 6762 6763 6764 6765 6898 6985 7162 8555 #taiwan
}

manchurian_coastal_provinces = {
	729 1850 2106 4656 
}

volcano_islands_provinces = {
	1438
}

#What Hawaiians can see
polynesian_discovered_sea_provinces = {
	1403 1405 1406 1429 1430 1431 1432 1433 1434 1435 1673 1676 1691 1692 1693 1697 1698 1713 1725 1726 1728 1732 1733 1734 1735 1741
}

#What Papuans can see
papua_new_guinea_provinces = {
	1236 2719 2720 3761 3765 3766 3767 3769 5090 5099 5132 5133 5136 5148 5149 #north_papua_area
	1237 2721 2722 3763 3768 5153 5159 5160 5166 5169 5179 5183 5199 #papua_area
	1245 2718 2723 5276 5433 5434 5435 5436 5437 #vogelkop_area
}

polynesian_discovered_sea_provinces_2 = {
	1403 1405 1406 1423 1426 1429 1430 1431 1432 1433 1434 1435 1666 1672 1673 1674 1675 1676 1690 1691 1692 1693 1697 1698 1713 1725 1726 1728 1732 1733 1734 1735 1741
}

#What Incans can see
chillean_coast_sea_region_provinces = {
	1541 1542 1543 #chilean_sea_area
	1547 1548 #gulf_of_panama_area
	1544 1545 1546 #sea_of_grau_area
}

south_american_lakes_1 = {
    1656 1902 6148 6216 6217 6218 6219 6221 6222 6224 6240 6241 6244 6245 6246 6256 6257 6258 6259 6260 
    6262 6263 6264 6265 6266 6268 6269 6270 6271 6272 6273 6274 6275 6276 6278 6279 6280 6281 6282 6283 
    6284 6285 6286 6287 6288 6290 8305
}

#What Yahgan can see
south_american_lakes_3 = {
    6248 6249 6250 6251 6252 6253 6254 6291
}

#What South Americans can see
eastern_south_american_coast_provinces = {
	1535 1536 1537 6231 6232 6235 6236 6237 6238 6239 #argentine_sea_area
	1530 1531 1532 1533 1534 6225 6227 6228 #coast_of_brazil_sea_area
	1527 1528 1529 #coast_of_guyana_area
}

caribbean_coast = {
    1515 1517 1519 1520 1522 6220 7334 7335
}

amazon_jungle = {
    1802 1803 2918 2936 2945 5336 8743 8744 8746 8747 8749
}

south_american_lakes_2 = {
    1656 1657 1902 6172 6173 6216 6217 6218 6219 6221 6222 6223 6224 6226 6228 6229 6230 6233 6234 6240 
    6241 6242 6243 6244 6245 6246 6247 6248 6249 6250 6251 6252 6253 6254 6255 6256 6257 6258 6259 6260 
    6261 6262 6263 6264 6265 6266 6267 6268 6269 6270 6271 6272 6273 6274 6275 6276 6277 6278 6279 6280 
    6281 6282 6283 6284 6285 6286 6287 6288 6289 6290 6291 6292 8305
}

#What Central Americans can see
central_american_coast_provinces = {
	1508 1509 1510 1511 6062 6063 6064 6065 6066 6067 6073 6074 6075 6076 6077 6078 6079 7338  #gulf_of_mexico_area
	1512 1513 1514 1515 1516 1517 1518 #caribbean_sea_area
	1519 1520 1522 6220 7334 7335 #east_caribbean_sea_area
}

#What Caribbeans can see
caribbean_sea_region_provinces = {
	1503 1505 1524 1525 1526 6085 6086 6087 6088 #bahama_channel_area
	1512 1516 1517 1518 #caribbean_sea_area
	1519 1520 1521 1522 1523 6220 7334 7335 #east_caribbean_sea_area
}

south_american_coast = {
    741 829 830 831 2803 2806 2807 2808 4610 4611 4612 4616 
}

florida_coast = {
    2536 6003 6004 6005 6006  
}

#What North Americans can see
north_american_sea_region_provinces = {
	1503 1505 #bahama_channel_area
	1917 1920 5452 5453 5454 7350 #beaufort_sea_area
	1489 5462 #foxe_basin_area
	1486 1487 1488 1665 5107 5463 5464 7347 7348 7349 #hudson_bay_sea_area
	1558 1559 1560 1561 1562 1677 1680 1681 1682 7351 7354 7355 7406 7408 7409 #gulf_of_alaska_area
	1506 1507 1508 1509 6062 6063 6064 6065 6066 6067 6073 6074 6075 6076 6077 6078 6079 7338  #gulf_of_mexico_area
	1490 1491 1493 5475 6070 #gulf_of_st_lawrence_area 
	1492 1494 1495 1499 1500 1501 1502 3936 5474 5926 5927 5928 5929 5930 5931 5932 5933 5934 5941 5942 5943 5944 5945 5946 5947 5948 5949 5950 5961 5962 5963 5964 5965 5966 5967 5968 5983 5985 6018 6021 6022 6023 6024 6025 6026 6027 6028 6029 6030 6031 6032 6033 6034 6035 6038 6041 6060 7339 7414 7415 7356 #gulf_stream_area
	#1496 #labrador_basin_area
	1553 1554 1555 1556 1557 7407 #north_pacific_coast_area
	5470 5472 5473 7345 7346 #sea_of_labrador_area
	1659 1660 7342 7343 7344 1661 6068 6071 7341 1662 1663 #great_lakes_sea_area
	7336 7410 7411 7337 7412 7413 8797 #mississippi_river_area
	5476 6036 7340 6037 #st_lawrence_river_area
	1485 5465 #hudson_strait_area
	8799 #ohio_river_area
	8798 #missouri_river_area
	1658 1664 1903 1904 1905 1907 1908 1909 1912 1914 1915 1916 1921 1922 1923 4940 4941 5102 5103 5104 5105 5106 5108 5109 5110 5491 5542 5543 6042 6043 6044 6045 6046 6047 6048 6049 6050 6051 6052 6053 6054 6055 6056 6057 6058 6059 6061 6069 8303 8304 8306 #North American Lakes
	1445 1668 #bearing straits
}

north_american_wasteland_provinces = {
	1814 1913 5111 5112 5116 5117 5120 5127 5507 5508 5509 5510 5511 5512 5513 5514 5515 5516 5517 5523 5524 5525 5526 5527 5528 5529 5530 5531 5532 5533 5534 5535 5536 5537 5538 #Rocky Mountains
	4924 4925 4926 4927 4928 4929 4930 4931 4932 4933 #Appalacian Mountains
}

#What Nomads can see
amur_river_provinces = {
	6328 6329 6330 6331 6332 6333 6334 6335 8379
}

indochinese_river_provinces = {
	5200 5201 7397
}

european_river_provinces = {
	3004 3007 3010 3011 3012 8344 8345 8354 8359
}

russian_lakes_2 = {
	4137 4138 5487 6349 6350 6351 6352 
}

siberian_river_provinces = {
	3303 6345 6346 6353 6354 6355 8366 8367 8376 8663
}

central_asian_lakes_area_provinces = {
	1327 1653 1654 1906 3287 3288 3289
}

chinese_lakes_2 = {
	2000 4138 6310 6311 6312 6313 6314 6315 6316 6317 6318 6319 6320 6321 6322 6323 6324 6325 6326 6327 6335 6336 6337 6338 6339 6340 6341 6342 6343 6344 6347 6348 
}

middle_eastern_lakes = {
	1893 6364
}

tibetan_lakes = {
	2001 6293 6294 6295 6296 6297 6298 6299 6300 6301 6302 6303 6304 6305 6306 6307 6308 6309
}

chinese_coastal_provinces_2 = {
	1371 6084
}

korean_coastal_provinces = {
	1376 1377
}

baltic_area_provinces = {
	1260
}

buryatia_area_provinces = {
	1056 1057 1058 2446
}

japan_region_provinces = {
	1018 1818 4182 4183 4651 6436 6447 6462 6465
}

moghul_wasteland_provinces = {
	1786
}

anatolian_mountains_2 = {
    3977 3987 4156 4178 5121 6371 8400 8415
}

chinese_mountains_2 = {
	1784 2194 4402 4657
}

indochinese_mountains = {
	2400 4400 4401 4843 4844 8570 8608 8609
}

#VU 1.37 additions
#Ottoman Mission perma-claims
#conquer_southern_greece = { #Template for mission files
#	145 7100 7101 7102 7163 1773 3178 3179 3712 4701 #morea_area
#	146 3003 3177 3699 7109 7110 7111 7113 7114      #western_aegean_area
#	3175 7108 7112 7115                              #aetolia_area
#	144 4699 7132 7133 7140 7141                     #northern_greece_area
#}